           1  -39.6276484826302     
           2   97.9255117332470     
           3  -5489.49309043909     
           4  -11982379.3647867     
           5   27840201.3897975     
           6   20766605.1774057     
           7   20747627.6522605     
           8   8195174.64766543     
           9   3916648.48582908     
          10   2114476.30568458     
          11   1894716.17564844     
          12   1745212.78900951     
          13   1628885.75692662     
          14   1527802.18215405     
          15   1433871.43405512     
          16   1343961.58970291     
          17   1257295.84408784     
          18   1174084.80520772     
          19   1094837.70651706     
          20   1020042.58640360     
          21   950041.156243477     
          22   885001.057720798     
          23   824932.309744689     
          24   769719.917651401     
          25   719158.770000178     
          26   672984.687566726     
          27   630899.538802552     
          28   592590.310323294     
          29   557742.867400462     
          30   526051.402988038     
          31   497224.558969840     
          32   470989.073499393     
          33   447091.646547135     
          34   425299.560751681     
          35   405400.461671238     
          36   387201.594165136     
          37   370528.708244873     
          38   355224.784681241     
          39   341148.683934247     
          40   328173.787925751     
          41   316186.679724424     
          42   305085.888907493     
          43   294780.718297815     
          44   285190.159514946     
          45   276241.899243982     
          46   267871.414531999     
          47   260021.153184452     
          48   252639.794042515     
          49   245681.581272320     
          50   239105.726578203     
          51   232875.873313273     
          52   226959.616696530     
          53   221328.074685319     
          54   215955.504443921     
          55   210818.959760750     
          56   205897.985179259     
          57   201174.343003572     
          58   196631.769714543     
          59   192255.758679371     
          60   188033.366356967     
          61   183953.039492285     
          62   180004.461055903     
          63   176178.412922764     
          64   172466.653496228     
          65   168861.808676403     
          66   165357.274740669     
          67   163321.422243893     
          68   161389.077821498     
          69   159428.099479574     
          70   157443.566282997     
          71   155440.085315481     
          72   153421.836027665     
          73   151392.610138246     
          74   149355.847556468     
          75   147314.668742530     
          76   145271.903877812     
          77   143230.119176064     
          78   141191.640631706     
          79   139158.575469050     
          80   137132.831528848     
          81   135116.134802707     
          82   133110.045304335     
          83   131115.971446038     
          84   129135.183071625     
          85   127168.823280758     
          86   125217.919165667     
          87   123283.391568586     
          88   121366.063956976     
          89   119466.670503452     
          90   117585.863448328     
          91   115724.219814732     
          92   113882.247538860     
          93   112060.391071635     
          94   110259.036502259     
          95   108478.516248881     
          96   106719.113357130     
          97   104981.065443046     
          98   103264.568313252     
          99   101569.779291964     
         100   99896.8202813876     
         101   98245.7805794892     
         102   96616.7194766851     
         103   95009.6686509227     
         104   93424.6343786652     
         105   91861.5995776521     
         106   90320.5256957332     
         107   88801.3544587090     
         108   87304.0094888905     
         109   85828.3978049788     
         110   84374.4112129000     
         111   82941.9275963047     
         112   81530.8121146622     
         113   80140.9183161416     
         114   78772.0891718803     
         115   77424.1580375850     
         116   76096.9495479426     
         117   74790.2804488024     
         118   73503.9603717164     
         119   72237.7925549856     
         120   70991.5745150453     
         121   69765.0986717055     
         122   68558.1529304586     
         123   67370.5212248494     
         124   66201.9840216017     
         125   65052.3187910549     
         126   63921.3004452139     
         127   62808.7017456001     
         128   61714.2936828414     
         129   60637.8458298988     
         130   59579.1266705993     
         131   58537.9039050978     
         132   57513.9447337165     
         133   56507.0161205527     
         134   55516.8850381199     
         135   54543.3186942425     
         136   53586.0847422885     
         137   52644.9514757828     
         138   51719.6880083870     
         139   50810.0644401572     
         140   49915.8520108944     
         141   49036.8232414239     
         142   48172.7520635371     
         143   47323.4139392770     
         144   46488.5859702571     
         145   45668.0469976065     
         146   44861.5776931192     
         147   44068.9606421681     
         148   43289.9804188841     
         149   42524.4236540767     
         150   41772.0790963748     
         151   41032.7376669617     
         152   40306.1925083677     
         153   39592.2390276528     
         154   38890.6749343465     
         155   38201.3002734980     
         156   37523.9174541197     
         157   36858.3312733389     
         158   36204.3489365482     
         159   35561.7800738092     
         160   34930.4367527247     
         161   34310.1334880879     
         162   33700.6872484566     
         163   33101.9174598933     
         164   32513.6460070802     
         165   31935.6972319514     
         166   31367.8979300775     
         167   30810.0773448956     
         168   30262.0671599863     
         169   29723.7014895606     
         170   29194.8168672228     
         171   28675.2522331980     
         172   28164.8489201406     
         173   27663.4506376111     
         174   27170.9034553502     
         175   26687.0557854367     
         176   26211.7583634471     
         177   25744.8642286778     
         178   25286.2287035423     
         179   24835.7093721843     
         180   24393.1660584356     
         181   23958.4608031390     
         182   23531.4578409185     
         183   23112.0235764728     
         184   22700.0265604178     
         185   22295.3374647748     
         186   21897.8290581186     
         187   21507.3761804348     
         188   21123.8557177607     
         189   20747.1465766112     
         190   20377.1296582778     
         191   20013.6878329653     
         192   19656.7059138971     
         193   19306.0706313027     
         194   18961.6706064300     
         195   18623.3963255396     
         196   18291.1401139114     
         197   17964.7961099252     
         198   17644.2602392196     
         199   17329.4301889055     
         200   17020.2053819130     
         201   16716.4869514824     
         202   16418.1777157665     
         203   16125.1821526102     
         204   15837.4063745087     
         205   15554.7581037332     
         206   15277.1466476523     
         207   15004.4828742771     
         208   14736.6791880046     
         209   14473.6495055949     
         210   14215.3092323665     
         211   13961.5752386567     
         212   13712.3658364938     
         213   13467.6007565272     
         214   13227.2011252464     
         215   12991.0894424035     
         216   12759.1895587384     
         217   12531.4266539618     
         218   12307.7272150103     
         219   12088.0190145314     
         220   11872.2310897159     
         221   11660.2937213448     
         222   11452.1384131336     
         223   11247.6978713452     
         224   11046.9059846802     
         225   10849.6978044591     
         226   10656.0095250678     
         227   10465.7784646558     
         228   10278.9430461676     
         229   10095.4427785773     
         230  -9915.62877773131     
         231  -9739.28557060229     
         232  -9566.06678266522     
         233  -9395.91755997966     
         234  -9228.78398905364     
         235  -9064.61308185055     
         236  -8903.35276084192     
         237  -8744.95184436080     
         238  -8589.36003206903     
         239  -8436.52789067154     
         240  -8286.40683978342     
         241  -8138.94913800633     
         242  -7994.10786918371     
         243  -7851.83692884064     
         244  -7712.09101082268     
         245  -7574.82559414384     
         246  -7439.99692994525     
         247  -7307.56202874398     
         248  -7177.47864778086     
         249  -7049.70527857010     
         250  -6924.20113470568     
         251  -6800.92613968706     
         252  -6679.84091511311     
         253  -6560.90676890982     
         254  -6444.08568382036     
         255  -6329.34030599568     
         256  -6216.63393384154     
         257  -6105.93050694856     
         258  -5997.19459529335     
         259  -5890.39138848775     
         260  -5785.48668527889     
         261  -5682.44688322756     
         262  -5581.23896845943     
         263  -5481.83050564081     
         264  -5384.18962812417     
         265  -5288.28502820391     
         266  -5194.08594756498     
         267  -5101.56216785480     
         268  -5010.68400141461     
         269  -4921.42228219936     
         270  -4833.74835677300     
         271  -4747.63407551107     
         272  -4663.05178390485     
         273  -4579.97431403064     
         274  -4498.37497616417     
         275  -4418.22755050794     
         276  -4339.50627905496     
         277  -4262.18585761904     
         278  -4186.24142796812     
         279  -4111.64857008797     
         280  -4038.38329458511     
         281  -3966.42203521573     
         282  -3895.74164153495     
         283  -3826.31937167223     
         284  -3758.13288520814     
         285  -3691.16023620044     
         286  -3625.37986630439     
         287  -3560.77059804364     
         288  -3497.31162810313     
         289  -3434.98252089408     
         290  -3373.76320206562     
         291  -3313.63395219315     
         292  -3254.57540061588     
         293  -3196.56851931788     
         294  -3139.59461692221     
         295  -3083.63533281535     
         296  -3028.67263132537     
         297  -2974.68879609408     
         298  -2921.66642439146     
         299  -2869.58842168487     
         300  -2818.43799619826     
         301  -2768.19865361331     
         302  -2718.85419183000     
         303  -2670.38869585754     
         304  -2622.78653274738     
         305  -2576.03234663769     
         306  -2530.11105391959     
         307  -2485.00783837157     
         308  -2440.70814652553     
         309  -2397.19768301277     
         310  -2354.46240602131     
         311  -2312.48852281137     
         312  -2271.26248537697     
         313  -2230.77098607580     
         314  -2191.00095343289     
         315  -2151.93954795875     
         316  -2113.57415805878     
         317  -2075.89239599780     
         318  -2038.88209399047     
         319  -2002.53130027156     
         320  -1966.82827531537     
         321  -1931.76148806679     
         322  -1897.31961228088     
         323  -1863.49152287279     
         324  -1830.26629239640     
         325  -1797.63318751877     
         326  -1765.58166561909     
         327  -1734.10137139199     
         328  -1703.18213354068     
         329  -1672.81396153958     
         330  -1642.98704239849     
         331  -1613.69173757003     
         332  -1584.91857981667     
         333  -1556.65827019060     
         334  -1528.90167508473     
         335  -1501.63982325892     
         336  -1474.86390299525     
         337  -1448.56525924453     
         338  -1422.73539089449     
         339  -1397.36594799455     
         340  -1372.44872910658     
         341  -1347.97567865857     
         342  -1323.93888436928     
         343  -1300.33057470185     
         344  -1277.14311635507     
         345  -1254.36901184305     
         346  -1232.00089705887     
         347  -1210.03153892235     
         348  -1188.45383304800     
         349  -1167.26080145941     
         350  -1146.44559036149     
         351  -1126.00146791715     
         352  -1105.92182210067     
         353  -1086.20015855981     
         354  -1066.83009852568     
         355  -1047.80537676468     
         356  -1029.11983956514     
         357  -1010.76744274859     
         358  -992.742249737575     
         359  -975.038429620518     
         360  -957.650255323780     
         361  -940.572101689596     
         362  -923.798443745178     
         363  -907.323854876234     
         364  -891.143005085953     
         365  -875.250659287286     
         366  -859.641675616970     
         367  -844.311003759683     
         368  -829.253683338835     
         369  -814.464842320386     
         370  -799.939695435500     
         371  -785.673542624929     
         372  -771.661767557259     
         373  -757.899836097917     
         374  -744.383294885359     
         375  -731.107769871050     
         376  -718.068964918824     
         377  -705.262660427429     
         378  -692.684711934234     
         379  -680.331048836263     
         380  -668.197673019981     
         381  -656.280657605499     
         382  -644.576145654575     
         383  -633.080348964068     
         384  -621.789546807255     
         385  -610.700084756251     
         386  -599.808373472576     
         387  -589.110887584614     
         388  -578.604164528873     
         389  -568.284803431795     
         390  -558.149464023435     
         391  -548.194865555478     
         392  -538.417785726515     
         393  -528.815059655096     
         394  -519.383578875972     
         395  -510.120290274055     
         396  -501.022195193627     
         397  -492.086348370853     
         398  -483.309857063273     
         399  -474.689880053283     
         400  -466.223626776184     
         401  -457.908356385942     
         402  -449.741376896271     
         403  -441.720044285506     
         404  -433.841761672445     
         405  -426.103978437158     
         406  -418.504189435931     
         407  -411.039934178567     
         408  -403.708796005676     
         409  -396.508401358667     
         410  -389.436418970077     
         411  -382.490559130669     
         412  -375.668572947834     
         413  -368.968251608345     
         414  -362.387425677317     
         415  -355.923964385579     
         416  -349.575774944572     
         417  -343.340801880068     
         418  -337.217026348518     
         419  -331.202465496843     
         420  -325.295171820783     
         421  -319.493232544969     
         422  -313.794768971134     
         423  -308.197935901638     
         424  -302.700921039816     
         425  -297.301944388886     
         426  -291.999257684166     
         427  -286.791143838323     
         428  -281.675916372142     
         429  -276.651918865577     
         430  -271.717524436313     
         431  -266.871135203850     
         432  -262.111181779659     
         433  -257.436122742848     
         434  -252.844444176669     
         435  -248.334659138392     
         436  -243.905307191465     
         437  -239.554953968089     
         438  -235.282190631852     
         439  -231.085633504035     
         440  -226.963923553766     
         441  -222.915725982324     
         442  -218.939729801642     
         443  -215.034647395441     
         444  -211.199214096286     
         445  -207.432187800302     
         446  -203.732348539895     
         447  -200.098498099914     
         448  -196.529459633822     
         449  -193.024077285654     
         450  -189.581215804736     
         451  -186.199760180684     
         452  -182.878615287092     
         453  -179.616705522318     
         454  -176.412974463315     
         455  -173.266384538284     
         456  -170.175916655879     
         457  -167.140569915521     
         458  -164.159361245292     
         459  -161.231325125286     
         460  -158.355513244332     
         461  -155.530994187134     
         462  -152.756853180797     
         463  -150.032191722580     
         464  -147.356127364086     
         465  -144.727793382462     
         466  -142.146338505204     
         467  -139.610926647989     
         468  -137.120736646718     
         469  -134.674961953347     
         470  -132.272810414277     
         471  -129.913504021223     
         472  -127.596278621534     
         473  -125.320383687888     
         474  -123.085082092343     
         475  -120.889649822441     
         476  -118.733375814641     
         477  -116.615561663187     
         478  -114.535521427466     
         479  -112.492581388672     
         480  -110.486079858615     
         481  -108.515366932040     
         482  -106.579804301230     
         483  -104.678765045982     
         484  -102.811633433725     
         485  -100.977804686325     
         486  -99.1766848294476     
         487  -97.4076904854338     
         488  -95.6702486763137     
         489  -93.9637966369599     
         490  -92.2877816427254     
         491  -90.6416608225962     
         492  -89.0249009998646     
         493  -87.4369784965925     
         494  -85.8773789742840     
         495  -84.3455972615231     
         496  -82.8411372178218     
         497  -81.3635115279437     
         498  -79.9122415758911     
         499  -78.4868572899234     
         500  -77.0868969644014     
         501  -75.7119071468093     
         502  -74.3614424653928     
         503  -73.0350654785228     
         504  -71.7323465689601     
         505  -70.4528637642514     
         506  -69.1962026179577     
         507  -67.9619560894353     
         508  -66.7497243917516     
         509  -65.5591148482907     
         510  -64.3897418159866     
         511  -63.2412265173065     
         512  -62.1131969272736     
         513  -61.0052876590410     
         514  -59.9171398422247     
         515  -58.8484010113743     
         516  -57.7987249814093     
         517  -56.7677717317441     
         518  -55.7552073309706     
         519  -54.7607037789798     
         520  -53.7839389374372     
         521  -52.8245964197028     
         522  -51.8823654720598     
         523  -50.9569408897068     
         524  -50.0480229023313     
         525  -49.1553170987923     
         526  -48.2785343097978     
         527  -47.4173905224472     
         528  -46.5716067860845     
         529  -45.7409091427734     
         530  -44.9250285085263     
         531  -44.1237005950902     
         532  -43.3366658389729     
         533  -42.5636693000539     
         534  -41.8044605717819     
         535  -41.0587937478611     
         536  -40.3264272745116     
         537  -39.6071239229497     
         538  -38.9006506908948     
         539  -38.2067787373903     
         540  -37.5252832915531     
         541  -36.8559436062236     
         542  -36.1985428623699     
         543  -35.5528680995636     
         544  -34.9187101783202     
         545  -34.2958636656742     
         546  -33.6841268163492     
         547  -33.0833014670228     
         548  -32.4931929885291     
         549  -31.9136102351633     
         550  -31.3443654563279     
         551  -30.7852742603224     
         552  -30.2361555375765     
         553  -29.6968314171973     
         554  -29.1671271945485     
         555  -28.6468712718644     
         556  -28.1358951336270     
         557  -27.6340332567638     
         558  -27.1411230700917     
         559  -26.6570049094158     
         560  -26.1815219480052     
         561  -25.7145201618306     
         562  -25.2558482745243     
         563  -24.8053577139276     
         564  -24.3629025469113     
         565  -23.9283394475107     
         566  -23.5015276491273     
         567  -23.0823288909376     
         568  -22.6706073758882     
         569  -22.2662297286917     
         570  -21.8690649726520     
         571  -21.4789844471039     
         572  -21.0958617900324     
         573  -20.7195729018615     
         574  -20.3499958918630     
         575  -19.9870110245646     
         576  -19.6305007255434     
         577  -19.2803495119018     
         578  -18.9364439560569     
         579  -18.5986726480812     
         580  -18.2669261870123     
         581  -17.9410970997408     
         582  -17.6210798279750     
         583  -17.3067707209982     
         584  -16.9980679560058     
         585  -16.6948715395534     
         586  -16.3970832539654     
         587  -16.1046066298145     
         588  -15.8173469212990     
         589  -15.5352110859645     
         590  -15.2581077238700     
         591  -14.9859470674493     
         592  -14.7186409525423     
         593  -14.4561028024621     
         594  -14.1982475570226     
         595  -13.9449916899193     
         596  -13.6962531754157     
         597  -13.4519514188190     
         598  -13.2120072926903     
         599  -12.9763430702174     
         600  -12.7448824049370     
         601  -12.5175503234922     
         602  -12.2942731821799     
         603  -12.0749786524666     
         604  -11.8595957007107     
         605  -11.6480545533996     
         606  -11.4402866768726     
         607  -11.2362247831140     
         608  -11.0358027573320     
         609  -10.8389556738917     
         610  -10.6456197731399     
         611  -10.4557324179524     
         612  -10.2692321038731     
         613  -10.0860584156616     
         614  -9.90615201280807     
         615  -9.72945461360144     
         616  -9.55590898788682     
         617  -9.38545890781920     
         618  -9.21804916669295     
         619  -9.05362553259223     
         620  -8.89213473970045     
         621  -8.73352447526443     
         622  -8.57774335641965     
         623  -8.42474092439645     
         624  -8.27446761700010     
         625  -8.12687474543590     
         626  -7.98191450010293     
         627  -7.83953993466134     
         628  -7.69970491968281     
         629  -7.56236415713476     
         630  -7.42747316010240     
         631  -7.29498822382030     
         632  -7.16486644160495     
         633  -7.03706565705685     
         634  -6.91154447130258     
         635  -6.78826222271689     
         636  -6.66717896954156     
         637  -6.54825550147280     
         638  -6.43145328462119     
         639  -6.31673448178952     
         640  -6.20406193364333     
         641  -6.09339914132981     
         642  -5.98471025633882     
         643  -5.87796005877650     
         644  -5.77311398488538     
         645  -5.67013805607154     
         646  -5.56899893249631     
         647  -5.46966383486141     
         648  -5.37210059800056     
         649  -5.27627760714890     
         650  -5.18216382691137     
         651  -5.08972876505221     
         652  -4.99894247684016     
         653  -4.90977555490950     
         654  -4.82219911912108     
         655  -4.73618479483596     
         656  -4.65170472160595     
         657  -4.56873152855040     
         658  -4.48723834159832     
         659  -4.40719876321040     
         660  -4.32858685934324     
         661  -4.25137717393359     
         662  -4.17554468689400     
         663  -4.10106484018448     
         664  -4.02791349435979     
         665  -3.95606695753788     
         666  -3.88550195353460     
         667  -3.81619562765735     
         668  -3.74812552787559     
         669  -3.68126960771769     
         670  -3.61560620454455     
         671  -3.55111405258542     
         672  -3.48777225107258     
         673  -3.42556029176136     
         674  -3.36445801692589     
         675  -3.30444563094643     
         676  -3.24550369161889     
         677  -3.18761311015475     
         678  -3.13075513235164     
         679  -3.07491134149009     
         680  -3.02006363950407     
         681  -2.96619426870735     
         682  -2.91328577268601     
         683  -2.86132101657642     
         684  -2.81028316099356     
         685  -2.76015567506689     
         686  -2.71092232340447     
         687  -2.66256715450561     
         688  -2.61507450076085     
         689  -2.56842897845194     
         690  -2.52261548195820     
         691  -2.47761917072062     
         692  -2.43342546344825     
         693  -2.39002004825709     
         694  -2.34738885949533     
         695  -2.30551809077920     
         696  -2.26439417761183     
         697  -2.22400379738326     
         698  -2.18433386357675     
         699  -2.14537153011408     
         700  -2.10710417252596     
         701  -2.06951939953949     
         702  -2.03260503280021     
         703  -1.99634911556260     
         704  -1.96073990255116     
         705  -1.92576585851196     
         706  -1.89141564662524     
         707  -1.85767814878337     
         708  -1.82454242503496     
         709  -1.79199774979545     
         710  -1.76003357853338     
         711  -1.72863955501248     
         712  -1.69780551274011     
         713  -1.66752146048302     
         714  -1.63777758806105     
         715  -1.60856426634711     
         716  -1.57987202409238     
         717  -1.55169157254959     
         718  -1.52401377650444     
         719  -1.49682967455361     
         720  -1.47013045737836     
         721  -1.44390748222880     
         722  -1.41815224830065     
         723  -1.39285641701317     
         724  -1.36801179317968     
         725  -1.34361032355912     
         726  -1.31964410989186     
         727  -1.29610538717334     
         728  -1.27298652655091     
         729  -1.25028004546282     
         730  -1.22797858011813     
         731  -1.20607491156839     
         732  -1.18456194253279     
         733  -1.16343270608875     
         734  -1.14268035263610     
         735  -1.12229816438130     
         736  -1.10227953505950     
         737  -1.08261798152197     
         738  -1.06330713214866     
         739  -1.04434073119350     
         740  -1.02571263733595     
         741  -1.00741681643892     
         742 -0.989447337203460     
         743 -0.971798381307736     
         744 -0.954464233268073     
         745 -0.937439280438941     
         746 -0.920718001425567     
         747 -0.904294984913450     
         748 -0.888164907941991     
         749 -0.872322546043471     
         750 -0.856762768897770     
         751 -0.841480531641825     
         752 -0.826470887905448     
         753 -0.811728972430231     
         754 -0.797250015553795     
         755 -0.783029317138143     
         756 -0.769062276986579     
         757 -0.755344370220489     
         758 -0.741871154521465     
         759 -0.728638259992330     
         760 -0.715641403641387     
         761 -0.702876374898172     
         762 -0.690339037061879     
         763 -0.678025331646631     
         764 -0.665931266794086     
         765 -0.654052925963985     
         766 -0.642386462140450     
         767 -0.630928094935141     
         768 -0.619674110587247     
         769 -0.608620867757193     
         770 -0.597764783042389     
         771 -0.587102341116204     
         772 -0.576630086037417     
         773 -0.566344624147068     
         774 -0.556242629862156     
         775 -0.546320825397691     
         776 -0.536575995250947     
         777 -0.527004989098303     
         778 -0.517604701517306     
         779 -0.508372087919337     
         780 -0.499304158755912     
         781 -0.490397973724988     
         782 -0.481650650461506     
         783 -0.473059357295272     
         784 -0.464621307457253     
         785 -0.456333767770132     
         786 -0.448194055751453     
         787 -0.440199530923073     
         788 -0.432347606398563     
         789 -0.424635740192660     
         790 -0.417061429427564     
         791 -0.409622223368763     
         792 -0.402315711837635     
         793 -0.395139528108299     
         794 -0.388091348907613     
         795 -0.381168887173049     
         796 -0.374369903640097     
         797 -0.367692193806435     
         798 -0.361133595174056     
         799 -0.354691985800846     
         800 -0.348365275610032     
         801 -0.342151415080729     
         802 -0.336048390902672     
         803 -0.330054228873058     
         804 -0.324166988102855     
         805 -0.318384755223097     
         806 -0.312705663214406     
         807 -0.307127871129049     
         808 -0.301649569884636     
         809 -0.296268985160967     
         810 -0.290984375951611     
         811 -0.285794028770204     
         812 -0.280696264892573     
         813 -0.275689425872493     
         814 -0.270771899613324     
         815 -0.265942085605826     
         816 -0.261198420999799     
         817 -0.256539371913536     
         818 -0.251963427640125     
         819 -0.247469102095873     
         820 -0.243054945407703     
         821 -0.238719525083632     
         822 -0.234461433254901     
         823 -0.230279296814937     
         824 -0.226171757141418     
         825 -0.222137483132087     
         826 -0.218175172653182     
         827 -0.214283533709914     
         828 -0.210461314863382     
         829 -0.206707270468386     
         830 -0.203020188193492     
         831 -0.199398874536786     
         832 -0.195842153377450     
         833 -0.192348877563160     
         834 -0.188917907183715     
         835 -0.185548139987954     
         836 -0.182238475173141     
         837 -0.178987848147157     
         838 -0.175795204456855     
         839 -0.172659505581759     
         840 -0.169579740521462     
         841 -0.166554908414529     
         842 -0.163584033022745     
         843 -0.160666148246866     
         844 -0.157800306817170     
         845 -0.154985590432427     
         846 -0.152221077894558     
         847 -0.149505874077128     
         848 -0.146839104131648     
         849 -0.144219901900175     
         850 -0.141647418605862     
         851 -0.139120821404535     
         852 -0.136639291936265     
         853 -0.134202026325371     
         854 -0.131808230835142     
         855 -0.129457137800512     
         856 -0.127147979556417     
         857 -0.124880011612585     
         858 -0.122652496720868     
         859 -0.120464716462638     
         860 -0.118315956764542     
         861 -0.116205528176445     
         862 -0.114132741248212     
         863 -0.112096926807655     
         864 -0.110097425821556     
         865 -0.108133592292521     
         866 -0.106204787465278     
         867 -0.104310387068801     
         868 -0.102449775522614     
         869 -0.100622351730486     
         870 -9.882752763200708E-002
         871 -9.706471516676971E-002
         872 -9.533334800073434E-002
         873 -9.363286124828658E-002
         874 -9.196270885333249E-002
         875 -9.032234620820281E-002
         876 -8.871124174105012E-002
         877 -8.712887546742425E-002
         878 -8.557473609342292E-002
         879 -8.404831811884246E-002
         880 -8.254912328560249E-002
         881 -8.107667216514308E-002
         882 -7.963048677732895E-002
         883 -7.821009638414811E-002
         884 -7.681504038656112E-002
         885 -7.544486977292575E-002
         886 -7.409914132529838E-002
         887 -7.277741327416008E-002
         888 -7.147925978266303E-002
         889 -7.020426370450740E-002
         890 -6.895201223866725E-002
         891 -6.772209548096596E-002
         892 -6.651411656304881E-002
         893 -6.532768585868434E-002
         894 -6.416241519006570E-002
         895 -6.301793086363261E-002
         896 -6.189386208267405E-002
         897 -6.078984239575300E-002
         898 -5.970551549040498E-002
         899 -5.864053084786414E-002
         900 -5.759454229463855E-002
         901 -5.656720800251028E-002
         902 -5.555820207593255E-002
         903 -5.456719427408464E-002
         904 -5.359386014984441E-002
         905 -5.263789118876092E-002
         906 -5.169897163425997E-002
         907 -5.077680021401388E-002
         908 -4.987107710411961E-002
         909 -4.898151117122203E-002
         910 -4.810781128196605E-002
         911 -4.724969499354445E-002
         912 -4.640688710527328E-002
         913 -4.557911241646862E-002
         914 -4.476610007172047E-002
         915 -4.396759225144072E-002
         916 -4.318332823919194E-002
         917 -4.241305021538604E-002
         918 -4.165651484468141E-002
         919 -4.091347444646250E-002
         920 -4.018368278853843E-002
         921 -3.946691391666343E-002
         922 -3.876292594392055E-002
         923 -3.807149726133800E-002
         924 -3.739240336309466E-002
         925 -3.672541974336943E-002
         926 -3.607033493216306E-002
         927 -3.542693166577771E-002
         928 -3.479501006161134E-002
         929 -3.417435720124008E-002
         930 -3.356477465048655E-002
         931 -3.296606687202269E-002
         932 -3.237803688009578E-002
         933 -3.180049637950102E-002
         934 -3.123325707503360E-002
         935 -3.067613646518734E-002
         936 -3.012895349688070E-002
         937 -2.959153001388143E-002
         938 -2.906369365365591E-002
         939 -2.854527205367051E-002
         940 -2.803609864509022E-002
         941 -2.753600396223071E-002
         942 -2.704483302365419E-002
         943 -2.656242070895028E-002
         944 -2.608861493353050E-002
         945 -2.562326071595705E-002
         946 -2.516620597164143E-002
         947 -2.471730585811840E-002
         948 -2.427640973922414E-002
         949 -2.384337856619200E-002
         950 -2.341807039340607E-002
         951 -2.300035341422299E-002
         952 -2.259008423460217E-002
         953 -2.218713249632491E-002
         954 -2.179136928959714E-002
         955 -2.140266570462481E-002
         956 -2.102089428003851E-002
         957 -2.064593334816746E-002
         958 -2.027766124134085E-002
         959 -1.991595629188789E-002
         960 -1.956070407426104E-002
         961 -1.921179016291278E-002
         962 -1.886909723544626E-002
         963 -1.853251810843720E-002
         964 -1.820194270161205E-002
         965 -1.787726238312186E-002
         966 -1.755837721166563E-002
         967 -1.724517565854513E-002
         968 -1.693756357615796E-002
         969 -1.663543522950450E-002
         970 -1.633869936783165E-002
         971 -1.604725604983840E-002
         972 -1.576101112792235E-002
         973 -1.547987045448110E-002
         974 -1.520374567561086E-002
         975 -1.493254554055853E-002
         976 -1.466618459226962E-002
         977 -1.440457302841569E-002
         978 -1.414762828879155E-002
         979 -1.389526781319203E-002
         980 -1.364740759298729E-002
         981 -1.340396796482145E-002
         982 -1.316487216218794E-002
         983 -1.293003907330623E-002
         984 -1.269939627694369E-002
         985 -1.247286845501842E-002
         986 -1.225037739259918E-002
         987 -1.203185935900127E-002
         988 -1.181723613929347E-002
         989 -1.160644255436642E-002
         990 -1.139940907983681E-002
         991 -1.119606763974598E-002
         992 -1.099635450340923E-002
         993 -1.080020159486789E-002
         994 -1.060754952871123E-002
         995 -1.041833457425454E-002
         996 -1.023249300081313E-002
         997 -1.004996542297623E-002
         998 -9.870695352182416E-003
         999 -9.694621954596286E-003
        1000 -9.521690190081054E-003
        1001 -9.351840673225973E-003
        1002 -9.185022709168211E-003
        1003 -9.021181257770981E-003
        1004 -8.860259830472840E-003
        1005 -8.702210629260266E-003
        1006 -8.546980062421116E-003
        1007 -8.394517435092563E-003
        1008 -8.244776397685732E-003
        1009 -8.097706255337792E-003
        1010 -7.953256313185910E-003
        1011 -7.811386015339822E-003
        1012 -7.672044666936697E-003
        1013 -7.535190263661616E-003
        1014 -7.400775007501053E-003
        1015 -7.268758342564743E-003
        1016 -7.139096816113116E-003
        1017 -7.011746975406603E-003
        1018 -6.886669712979590E-003
        1019 -6.763823024517160E-003
        1020 -6.643169250978352E-003
        1021 -6.524666388048249E-003
        1022 -6.408276776685891E-003
        1023 -6.293964206274970E-003
        1024 -6.181688120925220E-003
        1025 -6.071416655294289E-003
        1026 -5.963113598765870E-003
        1027 -5.856739843874351E-003
        1028 -5.752263525277379E-003
        1029 -5.649651329207952E-003
        1030 -5.548871390323718E-003
        1031 -5.449887498008369E-003
        1032 -5.352669235344207E-003
        1033 -5.257184736988879E-003
        1034 -5.163402137600035E-003
        1035 -5.071295365533932E-003
        1036 -4.980829658598916E-003
        1037 -4.891978945151245E-003
        1038 -4.804712808273217E-003
        1039 -4.719000831047137E-003
        1040 -4.634819838678567E-003
        1041 -4.552140862674458E-003
        1042 -4.470934934541766E-003
        1043 -4.391177431061401E-003
        1044 -4.312843729014272E-003
        1045 -4.235909205181292E-003
        1046 -4.160343442644759E-003
        1047 -4.086126163459543E-003
        1048 -4.013232744406554E-003
        1049 -3.941642907540658E-003
        1050 -3.871326235944157E-003
        1051 -3.802263900096572E-003
        1052 -3.734434173628116E-003
        1053 -3.667815330169005E-003
        1054 -3.602385643349455E-003
        1055 -3.538120489950375E-003
        1056 -3.475003937300590E-003
        1057 -3.413011362181011E-003
        1058 -3.352125383495809E-003
        1059 -3.292324274875200E-003
        1060 -3.233590655223355E-003
        1061 -3.175904246595143E-003
        1062 -3.119249116319387E-003
        1063 -3.063602089601651E-003
        1064 -3.008947233770758E-003
        1065 -2.955268616155533E-003
        1066 -2.902547407235496E-003
        1067 -2.850766225914820E-003
        1068 -2.799909139522327E-003
        1069 -2.749960215386844E-003
        1070 -2.700900623987889E-003
        1071 -2.652714432654287E-003
        1072 -2.605390053988819E-003
        1073 -2.558910106895658E-003
        1074 -2.513257210278975E-003
        1075 -2.468424122015509E-003
        1076 -2.424384770461518E-003
        1077 -2.381131913493741E-003
        1078 -2.338651066865653E-003
        1079 -2.296930643180037E-003
        1080 -2.255950364491760E-003
        1081 -2.215704437102212E-003
        1082 -2.176175479915567E-003
        1083 -2.137349008685299E-003
        1084 -2.099217781288149E-003
        1085 -2.061765865052939E-003
        1086 -2.024983121007105E-003
        1087 -1.988853616479469E-003
        1088 -1.953370109346772E-003
        1089 -1.918519563787141E-003
        1090 -1.884291840828010E-003
        1091 -1.850673904647510E-003
        1092 -1.817655616273072E-003
        1093 -1.785223939882827E-003
        1094 -1.753374530202816E-003
        1095 -1.722092902986518E-003
        1096 -1.691366022412061E-003
        1097 -1.661189543205489E-003
        1098 -1.631550429544929E-003
        1099 -1.602439990882469E-003
        1100 -1.573849536670193E-003
        1101 -1.545768927935537E-003
        1102 -1.518189474130586E-003
        1103 -1.491102484707426E-003
        1104 -1.464496372268838E-003
        1105 -1.438368239965518E-003
        1106 -1.412702155126290E-003
        1107 -1.387495220901850E-003
        1108 -1.362738746744283E-003
        1109 -1.338425490530329E-003
        1110 -1.314543864862767E-003
        1111 -1.291088076042990E-003
        1112 -1.268050881947735E-003
        1113 -1.245425040453741E-003
        1114 -1.223200412588442E-003
        1115 -1.201375549927184E-003
        1116 -1.179938865072750E-003
        1117 -1.158884564326530E-003
        1118 -1.138205405565263E-003
        1119 -1.117894146665687E-003
        1120 -1.097946442353845E-003
        1121 -1.078355050506475E-003
        1122 -1.059111280575663E-003
        1123 -1.040213684136758E-003
        1124 -1.021650673792540E-003
        1125 -1.003419352693705E-003
        1126 -9.855139271416427E-004
        1127 -9.679286034377453E-004
        1128 -9.506546910340980E-004
        1129 -9.336892930813962E-004
        1130 -9.170280643056831E-004
        1131 -9.006608657343923E-004
        1132 -8.845905942168284E-004
        1133 -8.688027655064682E-004
        1134 -8.532988280279641E-004
        1135 -8.380686428087497E-004
        1136 -8.231151066981296E-004
        1137 -8.084237354495806E-004
        1138 -7.939974259124075E-004
        1139 -7.798260391140439E-004
        1140 -7.659081266298374E-004
        1141 -7.522393431858310E-004
        1142 -7.388138950834155E-004
        1143 -7.256288854732864E-004
        1144 -7.126756238075294E-004
        1145 -6.999555585107970E-004
        1146 -6.874628958844799E-004
        1147 -6.751947390792733E-004
        1148 -6.631423975472636E-004
        1149 -6.513087681377551E-004
        1150 -6.396808150288770E-004
        1151 -6.282628834945862E-004
        1152 -6.170477314116212E-004
        1153 -6.060339103553295E-004
        1154 -5.952170750517543E-004
        1155 -5.845928802269385E-004
        1156 -5.741569806069252E-004
        1157 -5.639079277670621E-004
        1158 -5.538428248580443E-004
        1159 -5.439558781812628E-004
        1160 -5.342427424627605E-004
        1161 -5.247063145518420E-004
        1162 -5.153408007498981E-004
        1163 -5.061418557829717E-004
        1164 -4.971036859524536E-004
        1165 -4.882291881076483E-004
        1166 -4.795125685499467E-004
        1167 -4.709538272793487E-004
        1168 -4.625457221725927E-004
        1169 -4.542853563803740E-004
        1170 -4.461770751766495E-004
        1171 -4.382092911642008E-004
        1172 -4.303849011923324E-004
        1173 -4.227010084117397E-004
        1174 -4.151532675484657E-004
        1175 -4.077387817532057E-004
        1176 -4.004604478752644E-004
        1177 -3.933066785174232E-004
        1178 -3.862847158029437E-004
        1179 -3.793873176085644E-004
        1180 -3.726101386603281E-004
        1181 -3.659589726568443E-004
        1182 -3.594222322008942E-004
        1183 -3.530028141417826E-004
        1184 -3.466992700548572E-004
        1185 -3.405072546661609E-004
        1186 -3.344253195510414E-004
        1187 -3.284520162848464E-004
        1188 -3.225873448675759E-004
        1189 -3.168240631759683E-004
        1190 -3.111650680593282E-004
        1191 -3.056089110930033E-004
        1192 -3.001483501537319E-004
        1193 -2.947877305154711E-004
        1194 -2.895212584796115E-004
        1195 -2.843489340461531E-004
        1196 -2.792693087904436E-004
        1197 -2.742809342878308E-004
        1198 -2.693809136890098E-004
        1199 -2.645663501446761E-004
        1200 -2.598415889287866E-004
        1201 -2.551979394934275E-004
        1202 -2.506397471125556E-004
        1203 -2.461626665122140E-004
        1204 -2.417623524184457E-004
        1205 -2.374417016805554E-004
        1206 -2.332007142985431E-004
        1207 -2.290321481491471E-004
        1208 -2.249374516570197E-004
        1209  2.209238669454226E-004
        1210  2.169928424390082E-004
        1211  2.131284454666008E-004
        1212  2.093350213021573E-004
        1213  2.056082246717210E-004
        1214  2.019495039999439E-004
        1215  1.983545140128692E-004
        1216  1.948247031351492E-004
        1217  1.913557260928270E-004
        1218  1.879504797352071E-004
        1219  1.846046187883326E-004
        1220  1.813210401015082E-004
        1221  1.780953984007768E-004
        1222  1.749233484121815E-004
        1223  1.718135806836362E-004
        1224  1.687559562425747E-004
        1225  1.657533719383016E-004
        1226  1.628043793461646E-004
        1227  1.599075300415114E-004
        1228  1.570671692982989E-004
        1229  1.542702612946562E-004
        1230  1.515269450031495E-004
        1231  1.488299783005174E-004
        1232  1.461837064607166E-004
        1233  1.435837842097903E-004
        1234  1.410302115477385E-004
        1235  1.385215400499088E-004
        1236  1.360606665656059E-004
        1237  1.336389005469158E-004
        1238  1.312649325417524E-004
        1239  1.289315204268542E-004
        1240  1.266401126268735E-004
        1241  1.243892607171580E-004
        1242  1.221760678484029E-004
        1243  1.200048792945653E-004
        1244  1.178713497816881E-004
        1245  1.157783761590762E-004
        1246  1.137201647281201E-004
        1247  1.116996123381244E-004
        1248  1.097152705644369E-004
        1249  1.077656909824053E-004
        1250  1.058494251673772E-004
        1251  1.039722668179619E-004
        1252  1.021226285369408E-004
        1253  1.003092008722279E-004
        1254  9.852763854986613E-005
        1255  9.678083841916022E-005
        1256  9.506010993219619E-005
        1257  9.337269521223568E-005
        1258  9.171569740997402E-005
        1259  9.008766810075890E-005
        1260  8.848860728459030E-005
        1261  8.691706653681591E-005
        1262  8.537304585743574E-005
        1263  8.385944209575443E-005
        1264  8.237190997781498E-005
        1265  8.090900107896509E-005
        1266  7.947361224850941E-005
        1267  7.806429506179561E-005
        1268  7.667960109417136E-005
        1269  7.532097877028898E-005
        1270  7.398263439153919E-005
        1271  7.267181008118359E-005
        1272  7.138271214061291E-005
        1273  7.011678899447943E-005
        1274  6.887404064278320E-005
        1275  6.765446708552418E-005
        1276  6.645372304874541E-005
        1277  6.527905065570852E-005
        1278  6.412031093384722E-005
        1279  6.298329758177082E-005
        1280  6.186945902413165E-005
        1281  6.077300156232040E-005
        1282  5.969682204564171E-005
        1283  5.863947204944328E-005
        1284  5.760239999837742E-005
        1285  5.658270904313948E-005
        1286  5.557895075907713E-005
        1287  5.459691884479968E-005
        1288  5.362937117704550E-005
        1289  5.268210145442389E-005
        1290  5.174931597832554E-005
        1291  5.083391159805512E-005
        1292  4.993588831361261E-005
        1293  4.905090085104105E-005
        1294  4.818474290894973E-005
        1295  4.733306921338167E-005
        1296  4.649732818898921E-005
        1297  4.567607141112002E-005
        1298  4.486785045512176E-005
        1299  4.407556217029910E-005
        1300  4.329775813199971E-005
        1301  4.253298991557125E-005
        1302  4.178125752101374E-005
        1303  4.104400937297948E-005
        1304  4.031979704681617E-005
        1305  3.960862054252380E-005
        1306  3.890903143545004E-005
        1307  3.822537499955188E-005
        1308  3.754896068691534E-005
        1309  3.688703062080208E-005
        1310  3.623668795190743E-005
        1311  3.559938110488371E-005
        1312  3.497076480577395E-005
        1313  3.435518432853514E-005
        1314  3.375119124851494E-005
        1315  3.315588871640870E-005
        1316  3.257072515686874E-005
        1317  3.199859741919973E-005
        1318  3.143516022944468E-005
        1319  3.088331043690823E-005
        1320  3.033870276763342E-005
        1321  2.980568249557722E-005
        1322  2.928280119608731E-005
        1323  2.876861044451136E-005
        1324  2.826166181619705E-005
        1325  2.776485216044901E-005
        1326  2.727962990191960E-005
        1327  2.680020134199948E-005
        1328  2.632946332999333E-005
        1329  2.586741586590114E-005
        1330  2.541405894972290E-005
        1331  2.496794415680631E-005
        1332  2.453051991180367E-005
        1333  2.410178621471499E-005
        1334  2.367884621623561E-005
        1335  2.326459676567020E-005
        1336  2.285614101371409E-005
        1337  2.245637580967195E-005
        1338  2.206385272889143E-005
        1339  2.167857177137255E-005
        1340  2.129908451246297E-005
        1341  2.092683937681503E-005
        1342  2.056038793977640E-005
        1343  2.020407547530405E-005
        1344  1.984921143548403E-005
        1345  1.950158951892563E-005
        1346  1.916410657493353E-005
        1347  1.882952048024608E-005
        1348  1.850072808416794E-005
        1349  1.817772938669910E-005
        1350  1.786197281249190E-005
        1351  1.755200993689400E-005
        1352  1.724784075990541E-005
        1353  1.694512000756915E-005
        1354  1.665253822779917E-005
        1355  1.636140487268152E-005
        1356  1.607896206547783E-005
        1357  1.579941610757879E-005
        1358  1.552276699898441E-005
        1359  1.525625686295631E-005
        1360  1.499264357623286E-005
        1361  1.473192713881407E-005
        1362  1.447555597535226E-005
        1363  1.422642693515208E-005
        1364  1.397874631960423E-005
        1365  1.373830782731801E-005
        1366  1.350221460898877E-005
        1367  1.326756981531185E-005
        1368  1.304016714489658E-005
        1369  1.281421289913362E-005
        1370  1.259405235197998E-005
        1371  1.237678865413098E-005
        1372  1.216531865489130E-005
        1373  1.195384865565161E-005
        1374  1.174817235502123E-005
        1375  1.154684132834783E-005
        1376  1.134840715097908E-005
        1377  1.115431824756731E-005
        1378  1.096312619346020E-005
        1379  1.082262900218452E-005
        1380  1.069516763277978E-005
        1381  1.057929366059365E-005
        1382  1.045183229118890E-005
        1383  1.033595831900277E-005
        1384  1.020849694959803E-005
        1385  1.008103558019329E-005
        1386  1.000000000000000E-005
