           1           7  -1.00000000000000     
           7           1  -1.00000000000000     
           1           2  0.000000000000000E+000
           2           1  0.000000000000000E+000
           2           3  0.000000000000000E+000
           3           2  0.000000000000000E+000
           2           4  -1.00000000000000     
           4           2  -1.00000000000000     
           3           9  -1.00000000000000     
           9           3  -1.00000000000000     
           3           5  -1.00000000000000     
           5           3  -1.00000000000000     
           4           5  0.000000000000000E+000
           5           4  0.000000000000000E+000
           4           7   1.00000000000000     
           7           4   1.00000000000000     
           5          10  -1.00000000000000     
          10           5  -1.00000000000000     
           5           8   1.00000000000000     
           8           5   1.00000000000000     
           5           6  0.000000000000000E+000
           6           5  0.000000000000000E+000
           6           9   1.00000000000000     
           9           6   1.00000000000000     
           7           8  0.000000000000000E+000
           8           7  0.000000000000000E+000
           8           9  0.000000000000000E+000
           9           8  0.000000000000000E+000
           9          10  -1.00000000000000     
          10           9  -1.00000000000000     
          11          18  -1.00000000000000     
          18          11  -1.00000000000000     
          11          12  0.000000000000000E+000
          12          11  0.000000000000000E+000
          12          19  -1.00000000000000     
          19          12  -1.00000000000000     
          12          13  0.000000000000000E+000
          13          12  0.000000000000000E+000
          12          14  -1.00000000000000     
          14          12  -1.00000000000000     
          13          15  -1.00000000000000     
          15          13  -1.00000000000000     
          14          20  -1.00000000000000     
          20          14  -1.00000000000000     
          14          15  0.000000000000000E+000
          15          14  0.000000000000000E+000
          15          16  0.000000000000000E+000
          16          15  0.000000000000000E+000
          17          18  0.000000000000000E+000
          18          17  0.000000000000000E+000
          18          19  0.000000000000000E+000
          19          18  0.000000000000000E+000
          19          20  -1.00000000000000     
          20          19  -1.00000000000000     
          21          28  -1.00000000000000     
          28          21  -1.00000000000000     
          21          24  -1.00000000000000     
          24          21  -1.00000000000000     
          21          22  0.000000000000000E+000
          22          21  0.000000000000000E+000
          22          29  -1.00000000000000     
          29          22  -1.00000000000000     
          22          23  0.000000000000000E+000
          23          22  0.000000000000000E+000
          23          26  -1.00000000000000     
          26          23  -1.00000000000000     
          24          27   1.00000000000000     
          27          24   1.00000000000000     
          24          30  -1.00000000000000     
          30          24  -1.00000000000000     
          24          25  0.000000000000000E+000
          25          24  0.000000000000000E+000
          25          28   1.00000000000000     
          28          25   1.00000000000000     
          25          26  0.000000000000000E+000
          26          25  0.000000000000000E+000
          26          29   1.00000000000000     
          29          26   1.00000000000000     
          27          28  0.000000000000000E+000
          28          27  0.000000000000000E+000
          28          30  -1.00000000000000     
          30          28  -1.00000000000000     
          28          29  0.000000000000000E+000
          29          28  0.000000000000000E+000
