           1   5.92980346057271     
           2   2.75851488817182     
           3  0.976216383866761     
           4 -0.736249564656132     
           5 -0.341854745088473     
           6  0.180771094564955     
           7  0.149713074133432     
           8  0.162661824936872     
           9  0.169522108232092     
          10  0.165781800001529     
          11  0.156241395787085     
          12  0.143818669547348     
          13  0.130233974940483     
          14  0.116483843768460     
          15 -0.110237305794172     
          16 -0.107153951847983     
          17 -0.103873429182287     
          18 -0.100538077984770     
          19 -9.725887294821849E-002
          20 -9.411757863880976E-002
          21 -9.117118228122824E-002
          22 -8.845679862819186E-002
          23 -8.599623558858725E-002
          24 -8.379991235746809E-002
          25 -8.187006766208917E-002
          26 -8.020330760904107E-002
          27 -7.879258586021293E-002
          28 -7.762871822112645E-002
          29 -7.670152753921464E-002
          30 -7.600070259828386E-002
          31  7.600000000000000E-002
