   1.00000000000000                1           1
   1.00000000000000                2           2
   2.00000000000000                3           3
  0.000000000000000E+000           4           4
   1.00000000000000                5           5
  -1.00000000000000                6           6
  0.000000000000000E+000           7           7
  -1.00000000000000                8           8
   1.00000000000000                9           9
   2.00000000000000               10          10
   1.00000000000000               11          11
   2.00000000000000               12          12
   1.00000000000000               13          13
   2.00000000000000               14          14
   1.00000000000000               15          15
  0.000000000000000E+000          16          16
  0.000000000000000E+000          17          17
   1.00000000000000               18          18
   2.00000000000000               19          19
   2.00000000000000               20          20
   2.00000000000000               21          21
   1.00000000000000               22          22
   1.00000000000000               23          23
   1.00000000000000               24          24
  -1.00000000000000               25          25
  0.000000000000000E+000          26          26
  -1.00000000000000               27          27
   1.00000000000000               28          28
  0.000000000000000E+000          29          29
   2.00000000000000               30          30
