 NESBET:
 starting with:
 E=   1.00000000000000      m=7
 read H:
    1.00      0.00      0.00      0.00      0.00      0.00     -1.00      0.00      0.00      0.00     -1.00      0.00      0.00      0.00      0.00      0.00      0.00      0.00      0.00      0.00      0.00      0.00      0.00      0.00      0.00      0.00      0.00      0.00      0.00      0.00   
    0.00      1.00      0.00     -1.00      0.00      0.00      0.00      0.00      0.00      0.00      0.00     -1.00      0.00      0.00      0.00      0.00      0.00      0.00      0.00      0.00      0.00      0.00      0.00      0.00      0.00      0.00      0.00      0.00      0.00      0.00   
    0.00      0.00      2.00      0.00     -1.00      0.00      0.00      0.00     -1.00      0.00      0.00      0.00     -1.00      0.00      0.00      0.00      0.00      0.00      0.00      0.00      0.00      0.00      0.00      0.00      0.00      0.00      0.00      0.00      0.00      0.00   
    0.00     -1.00      0.00      0.00      0.00      0.00      1.00      0.00      0.00      0.00      0.00      0.00      0.00     -1.00      0.00      0.00      0.00      0.00      0.00      0.00      0.00      0.00      0.00      0.00      0.00      0.00      0.00      0.00      0.00      0.00   
    0.00      0.00     -1.00      0.00      1.00      0.00      0.00      1.00      0.00     -1.00      0.00      0.00      0.00      0.00     -1.00      0.00      0.00      0.00      0.00      0.00      0.00      0.00      0.00      0.00      0.00      0.00      0.00      0.00      0.00      0.00   
    0.00      0.00      0.00      0.00      0.00     -1.00      0.00      0.00      1.00      0.00      0.00      0.00      0.00      0.00      0.00     -1.00      0.00      0.00      0.00      0.00      0.00      0.00      0.00      0.00      0.00      0.00      0.00      0.00      0.00      0.00   
   -1.00      0.00      0.00      1.00      0.00      0.00      0.00      0.00      0.00      0.00      0.00      0.00      0.00      0.00      0.00      0.00     -1.00      0.00      0.00      0.00      0.00      0.00      0.00      0.00      0.00      0.00      0.00      0.00      0.00      0.00   
    0.00      0.00      0.00      0.00      1.00      0.00      0.00     -1.00      0.00      0.00      0.00      0.00      0.00      0.00      0.00      0.00      0.00     -1.00      0.00      0.00      0.00      0.00      0.00      0.00      0.00      0.00      0.00      0.00      0.00      0.00   
    0.00      0.00     -1.00      0.00      0.00      1.00      0.00      0.00      1.00     -1.00      0.00      0.00      0.00      0.00      0.00      0.00      0.00      0.00     -1.00      0.00      0.00      0.00      0.00      0.00      0.00      0.00      0.00      0.00      0.00      0.00   
    0.00      0.00      0.00      0.00     -1.00      0.00      0.00      0.00     -1.00      2.00      0.00      0.00      0.00      0.00      0.00      0.00      0.00      0.00      0.00     -1.00      0.00      0.00      0.00      0.00      0.00      0.00      0.00      0.00      0.00      0.00   
   -1.00      0.00      0.00      0.00      0.00      0.00      0.00      0.00      0.00      0.00      1.00      0.00      0.00      0.00      0.00      0.00      0.00     -1.00      0.00      0.00     -1.00      0.00      0.00      0.00      0.00      0.00      0.00      0.00      0.00      0.00   
    0.00     -1.00      0.00      0.00      0.00      0.00      0.00      0.00      0.00      0.00      0.00      2.00      0.00     -1.00      0.00      0.00      0.00      0.00     -1.00      0.00      0.00     -1.00      0.00      0.00      0.00      0.00      0.00      0.00      0.00      0.00   
    0.00      0.00     -1.00      0.00      0.00      0.00      0.00      0.00      0.00      0.00      0.00      0.00      1.00      0.00     -1.00      0.00      0.00      0.00      0.00      0.00      0.00      0.00     -1.00      0.00      0.00      0.00      0.00      0.00      0.00      0.00   
    0.00      0.00      0.00     -1.00      0.00      0.00      0.00      0.00      0.00      0.00      0.00     -1.00      0.00      2.00      0.00      0.00      0.00      0.00      0.00     -1.00      0.00      0.00      0.00     -1.00      0.00      0.00      0.00      0.00      0.00      0.00   
    0.00      0.00      0.00      0.00     -1.00      0.00      0.00      0.00      0.00      0.00      0.00      0.00     -1.00      0.00      1.00      0.00      0.00      0.00      0.00      0.00      0.00      0.00      0.00      0.00     -1.00      0.00      0.00      0.00      0.00      0.00   
    0.00      0.00      0.00      0.00      0.00     -1.00      0.00      0.00      0.00      0.00      0.00      0.00      0.00      0.00      0.00      0.00      0.00      0.00      0.00      0.00      0.00      0.00      0.00      0.00      0.00     -1.00      0.00      0.00      0.00      0.00   
    0.00      0.00      0.00      0.00      0.00      0.00     -1.00      0.00      0.00      0.00      0.00      0.00      0.00      0.00      0.00      0.00      0.00      0.00      0.00      0.00      0.00      0.00      0.00      0.00      0.00      0.00     -1.00      0.00      0.00      0.00   
    0.00      0.00      0.00      0.00      0.00      0.00      0.00     -1.00      0.00      0.00     -1.00      0.00      0.00      0.00      0.00      0.00      0.00      1.00      0.00      0.00      0.00      0.00      0.00      0.00      0.00      0.00      0.00     -1.00      0.00      0.00   
    0.00      0.00      0.00      0.00      0.00      0.00      0.00      0.00     -1.00      0.00      0.00     -1.00      0.00      0.00      0.00      0.00      0.00      0.00      2.00     -1.00      0.00      0.00      0.00      0.00      0.00      0.00      0.00      0.00     -1.00      0.00   
    0.00      0.00      0.00      0.00      0.00      0.00      0.00      0.00      0.00     -1.00      0.00      0.00      0.00     -1.00      0.00      0.00      0.00      0.00     -1.00      2.00      0.00      0.00      0.00      0.00      0.00      0.00      0.00      0.00      0.00     -1.00   
    0.00      0.00      0.00      0.00      0.00      0.00      0.00      0.00      0.00      0.00     -1.00      0.00      0.00      0.00      0.00      0.00      0.00      0.00      0.00      0.00      2.00      0.00      0.00     -1.00      0.00      0.00      0.00     -1.00      0.00      0.00   
    0.00      0.00      0.00      0.00      0.00      0.00      0.00      0.00      0.00      0.00      0.00     -1.00      0.00      0.00      0.00      0.00      0.00      0.00      0.00      0.00      0.00      1.00      0.00      0.00      0.00      0.00      0.00      0.00     -1.00      0.00   
    0.00      0.00      0.00      0.00      0.00      0.00      0.00      0.00      0.00      0.00      0.00      0.00     -1.00      0.00      0.00      0.00      0.00      0.00      0.00      0.00      0.00      0.00      1.00      0.00      0.00     -1.00      0.00      0.00      0.00      0.00   
    0.00      0.00      0.00      0.00      0.00      0.00      0.00      0.00      0.00      0.00      0.00      0.00      0.00     -1.00      0.00      0.00      0.00      0.00      0.00      0.00     -1.00      0.00      0.00      1.00      0.00      0.00      1.00      0.00      0.00     -1.00   
    0.00      0.00      0.00      0.00      0.00      0.00      0.00      0.00      0.00      0.00      0.00      0.00      0.00      0.00     -1.00      0.00      0.00      0.00      0.00      0.00      0.00      0.00      0.00      0.00     -1.00      0.00      0.00      1.00      0.00      0.00   
    0.00      0.00      0.00      0.00      0.00      0.00      0.00      0.00      0.00      0.00      0.00      0.00      0.00      0.00      0.00     -1.00      0.00      0.00      0.00      0.00      0.00      0.00     -1.00      0.00      0.00      0.00      0.00      0.00      1.00      0.00   
    0.00      0.00      0.00      0.00      0.00      0.00      0.00      0.00      0.00      0.00      0.00      0.00      0.00      0.00      0.00      0.00     -1.00      0.00      0.00      0.00      0.00      0.00      0.00      1.00      0.00      0.00     -1.00      0.00      0.00      0.00   
    0.00      0.00      0.00      0.00      0.00      0.00      0.00      0.00      0.00      0.00      0.00      0.00      0.00      0.00      0.00      0.00      0.00     -1.00      0.00      0.00     -1.00      0.00      0.00      0.00      1.00      0.00      0.00      1.00      0.00     -1.00   
    0.00      0.00      0.00      0.00      0.00      0.00      0.00      0.00      0.00      0.00      0.00      0.00      0.00      0.00      0.00      0.00      0.00      0.00     -1.00      0.00      0.00     -1.00      0.00      0.00      0.00      1.00      0.00      0.00      0.00      0.00   
    0.00      0.00      0.00      0.00      0.00      0.00      0.00      0.00      0.00      0.00      0.00      0.00      0.00      0.00      0.00      0.00      0.00      0.00      0.00     -1.00      0.00      0.00      0.00     -1.00      0.00      0.00      0.00     -1.00      0.00      2.00   
 iter:           1 Cmax:   6.36197205419956     
 iter:           2 Cmax:  -4.09825141012725     
 iter:           3 Cmax:   2.16653406432379     
 iter:           4 Cmax:  -1.81757278802646     
 iter:           5 Cmax:  -1.23792348825155     
 iter:           6 Cmax: -0.674970959671750     
 iter:           7 Cmax:  0.351263333031688     
 iter:           8 Cmax:  0.201050320231280     
 iter:           9 Cmax:  0.112137130852381     
 iter:          10 Cmax:  6.241153586441074E-002
 iter:          11 Cmax:  3.490306301368007E-002
 iter:          12 Cmax:  1.961567733927300E-002
 iter:          13 Cmax:  1.105916642548175E-002
 iter:          14 Cmax:  6.244354548423829E-003
 iter:          15 Cmax:  3.526879285284161E-003
 iter:          16 Cmax:  1.991260705143163E-003
 iter:          17 Cmax:  1.123413253753845E-003
 iter:          18 Cmax:  6.332180847067485E-004
 iter:          19 Cmax:  3.565739908846467E-004
 iter:          20 Cmax:  2.006028525267180E-004
 iter:          21 Cmax:  1.127556620904029E-004
 iter:          22 Cmax:  6.332603686383361E-005
 iter:          23 Cmax:  3.553853769988703E-005
 iter:          24 Cmax:  1.993058648161886E-005
 iter:          25 Cmax:  1.117048733974260E-005
 iter:          26 Cmax:  1.000000000000000E-005
 converged in :          26 iterations
 Eigenvalue:   4.90497824819135     
 Eigenvectors:
  2.128942965780457E-002
  0.116177493840690     
  0.135328184054795     
 -0.108246330085378     
 -0.126127863766123     
 -3.842094301635712E-002
 -2.922055673342144E-002
 -3.048983660556951E-002
 -0.213084787604454     
  0.272795246561577     
 -5.391393087689700E-002
 -0.345424264383870     
 -5.391343442573446E-002
  0.385547706894653     
  5.391354357346844E-002
  1.379035024590312E-002
  1.379041523321979E-002
  5.391381886090345E-002
  0.385547405676229     
 -0.453251613515217     
  0.135329052865366     
  0.116177454673669     
  2.128919909834940E-002
 -0.213085337735530     
 -3.048987793898695E-002
 -2.922045952887020E-002
 -3.842109884795027E-002
 -0.126128351414001     
 -0.108246212931638     
  0.272795606355453     
 normalized?   1.00000000000000     
